inv_t4_u000439000Traces.dat : [ 0.8480142 10.226757   1.8812647  7.1671752 -1.0593305 13.7403882  1.32016    3.3914616  0.8653996 14.8014027  3.0001129  4.2364453 -0.7740778 12.7613169  8.8553284  4.1849664  0.0030383  0.0016143]
inv_t4_u000880000Traces.dat : [ 0.8965739 10.1275846  2.7616353  9.4616426 -1.0876009 19.0669428  6.5787644  4.5809595  0.9020821 21.4496567  2.662445   9.2295843 -1.0889365 12.0741357  6.3993254  4.5836354  0.0034891  0.0030964]
